-87.9482
7.16388
7.16396
144.658
144.658
8.50921e-005
8.42465e-005
1.63502
1.56022
0.00550216
0.82038
0.820382
0.820227
0.820227
0.000190191
0.492022
0.00100473
0.99955
0.539648
2.37068e-009
1
0.85192
1
0.999341
0.999904
0.00266673
8.52483e-006
0.496556
0.376223
0.000194005
0.996774
2.44885e-007
3.05839e-007
0.0165369
0.627615
0.819747
0.819747
0.250729
0.000511936
0.99955
0.587107
1
1
1
0.00140971
0.977709
0.00253865
0.0155169
0.0028256
0
0
0
0
0
1000
200000
2
